%YAML:1.0
---
model_type: KANNALA_BRANDT
camera_name: camera
image_width: 1280
image_height: 800
projection_parameters:
   k2: 0.08809606997637111
   k3: -0.016672772987382595
   k4: -0.00894216335544849
   k5: 0.0018620219461755493
   mu: 251.45196293542915
   mv: 250.91518923129394
   u0: 675.9528177647509
   v0: 427.0968746707983
