%YAML:1.0
---
model_type: MEI
camera_name: camera
image_width: 1280
image_height: 800
mirror_parameters:
   xi: 1.7626898862006577
distortion_parameters:
   k1: 0.5884808765407432
   k2: -1.2640736048289207
   p1: 0.004341124388812853
   p2: -0.0012282418157385682
projection_parameters:
   gamma1:  692.8847841418599
   gamma2:  692.8656249716435
   u0:      677.7679037363292
   v0:      427.3790105150137
