%YAML:1.0
---
model_type: PINHOLE
camera_name: camera
image_width: 1280
image_height: 800
distortion_parameters:
   k1: 0
   k2: 0
   p1: 0
   p2: 0
projection_parameters:
   fx: 692.893354650193
   fy: 692.2359380446006 
   cx: 637.2843763059641 
   cy: 401.81938764088414
