%YAML:1.0
---
model_type: MEI
camera_name: camera
image_width: 1280
image_height: 800
mirror_parameters:
   xi: 1.3704376758404786
distortion_parameters:
   k1: 0.2872393875441994
   k2: -0.8311463646309248 
   p1: 0.001634882287139941 
   p2: 0.005444729878544222
projection_parameters:
   gamma1: 600.2387652697538
   gamma2: 600.0635318467654
   u0: 635.8144417419973
   v0: 370.3949408012882