%YAML:1.0
---
model_type: MEI
camera_name: camera
image_width: 1280
image_height: 800
mirror_parameters:
   xi: 1.747497439899244
distortion_parameters:
   k1: 0.5716025881439922
   k2: -1.221819081900766 
   p1: -0.0021334357053139777
   p2: 0.003365360381452483
projection_parameters:
   gamma1:   692.1814097169855
   gamma2:   691.5974452328995
   u0:       637.8664862880564
   v0:       372.2642482058061