%YAML:1.0
---
model_type: KANNALA_BRANDT
camera_name: camera
image_width: 1280
image_height: 800
projection_parameters:
   k2: 0.10490245675278498 
   k3: -0.042207148204007616
   k4: 0.004904623264524598
   k5: -0.0007789019994627608
   mu: 252.49849482736576
   mv: 252.46052145283835
   u0: 636.8283734773836
   v0: 371.74358311267144
